-5.0                     3.7266531720786714e-06
-4.898989898989899       6.143898913085795e-06
-4.797979797979798       1.0026238302923837e-05
-4.696969696969697       1.6195742366909055e-05
-4.595959595959596       2.5895993202139932e-05
-4.494949494949495       4.098577588560501e-05
-4.393939393939394       6.420999340897708e-05
-4.292929292929293       9.957285635767415e-05
-4.191919191919192       0.00015284392491974813
-4.090909090909091       0.00023223318227836914
-3.9898989898989896      0.0003492763990689532
-3.888888888888889       0.000519975743255855
-3.787878787878788       0.0007662417359485212
-3.686868686868687       0.0011176797915701635
-3.5858585858585856      0.0016137559981836234
-3.484848484848485       0.0023063606311597685
-3.383838383838384       0.003262762323259228
-3.282828282828283       0.004568909302285953
-3.1818181818181817      0.0063329857531311705
-3.080808080808081       0.00868907129995769
-2.9797979797979797      0.011800681437891616
-2.878787878787879       0.01586388993970375
-2.7777777777777777      0.021109656453671063
-2.676767676767677       0.02780491159827197
-2.5757575757575757      0.036251897851191636
-2.474747474747475       0.04678523899568961
-2.3737373737373737      0.059766226026609054
-2.272727272727273       0.07557387471306078
-2.1717171717171717      0.09459243854190495
-2.070707070707071       0.11719525531277221
-1.9696969696969697      0.14372506485679326
-1.868686868686869       0.17447125013244344
-1.7676767676767677      0.20964480658795784
-1.6666666666666665      0.2493522087772963
-1.5656565656565657      0.29356968485490187
-1.4646464646464645      0.3421196897208599
-1.3636363636363638      0.394651545733427
-1.2626262626262625      0.45062825866417494
-1.1616161616161618      0.5093213867849897
-1.0606060606060606      0.5698155267038088
-0.9595959595959593      0.6310234822213525
-0.858585858585859       0.6917125234067427
-0.7575757575757578      0.750541363953221
-0.6565656565656566      0.8061066455172727
-0.5555555555555554      0.856996891435279
-0.45454545454545503     0.9018511586452824
-0.3535353535353538      0.9394190533760337
-0.2525252525252526      0.9686184495178942
-0.15151515151515138     0.9885872051667917
-0.050505050505050164    0.99872543288825
0.050505050505050164     0.99872543288825
0.15151515151515138      0.9885872051667917
0.2525252525252526       0.9686184495178942
0.3535353535353538       0.9394190533760337
0.45454545454545414      0.9018511586452828
0.5555555555555554       0.856996891435279
0.6565656565656566       0.8061066455172727
0.7575757575757578       0.750541363953221
0.8585858585858581       0.6917125234067432
0.9595959595959593       0.6310234822213525
1.0606060606060606       0.5698155267038088
1.1616161616161618       0.5093213867849897
1.262626262626262        0.4506282586641752
1.3636363636363633       0.3946515457334272
1.4646464646464645       0.3421196897208599
1.5656565656565657       0.29356968485490187
1.666666666666667        0.24935220877729614
1.7676767676767673       0.20964480658795798
1.8686868686868685       0.17447125013244355
1.9696969696969697       0.14372506485679326
2.070707070707071        0.11719525531277221
2.1717171717171713       0.09459243854190504
2.2727272727272725       0.07557387471306087
2.3737373737373737       0.059766226026609054
2.474747474747475        0.04678523899568961
2.5757575757575752       0.036251897851191685
2.6767676767676765       0.027804911598272006
2.7777777777777777       0.021109656453671063
2.878787878787879        0.01586388993970375
2.9797979797979792       0.011800681437891626
3.0808080808080813       0.008689071299957675
3.1818181818181817       0.0063329857531311705
3.282828282828282        0.004568909302285965
3.383838383838384        0.003262762323259228
3.4848484848484844       0.002306360631159773
3.5858585858585865       0.0016137559981836175
3.686868686868687        0.0011176797915701635
3.787878787878787        0.0007662417359485239
3.8888888888888893       0.000519975743255854
3.9898989898989896       0.0003492763990689532
4.09090909090909         0.00023223318227836995
4.191919191919192        0.00015284392491974813
4.292929292929292        9.95728563576745e-05
4.3939393939393945       6.420999340897674e-05
4.494949494949495        4.098577588560501e-05
4.595959595959595        2.5895993202140023e-05
4.696969696969697        1.6195742366909055e-05
4.797979797979798        1.0026238302923837e-05
4.8989898989899          6.143898913085773e-06
5.0                      3.7266531720786714e-06
